{
  "asset": {
    "gltfUpAxis": "Z",
    "version": "0.0"
  },
  "geometricError": 200,
  "root": {
    "boundingVolume": {
      "region": [
        2.120423,
        0.436583,
        2.121937,
        0.438115,
        0.0,
        50.0
      ]
    },
    "children": [
      {
        "boundingVolume": {
          "region": [
            2.120493,
            0.436584,
            2.120536,
            0.43667,
            0.0,
            50.0
          ]
        },
        "content": {
          "uri": "./tile/4/0/0.b3dm"
        },
        "geometricError": 100.0,
        "refine": "REPLACE",
        "transform": [
          -0.852672,
          -0.522447,
          0.0,
          0.0,
          0.219718,
          -0.358597,
          0.907266,
          0.0,
          -0.473433,
          0.772677,
          0.422885,
          0.0,
          -3021427.524356,
          4931191.435606,
          2680769.436366,
          1
        ]
      },
      {
        "boundingVolume": {
          "region": [
            2.12048,
            0.43672,
            2.120521,
            0.436777,
            0.0,
            50.0
          ]
        },
        "content": {
          "uri": "./tile/4/0/1.b3dm"
        },
        "geometricError": 100.0,
        "refine": "REPLACE",
        "transform": [
          -0.852679,
          -0.522435,
          0.0,
          0.0,
          0.219771,
          -0.358694,
          0.907215,
          0.0,
          -0.473395,
          0.772639,
          0.422996,
          0.0,
          -3021189.314968,
          4930953.636969,
          2681470.501055,
          1
        ]
      },
      {
        "boundingVolume": {
          "region": [
            2.120426,
            0.437544,
            2.120525,
            0.437618,
            0.0,
            50.0
          ]
        },
        "content": {
          "uri": "./tile/4/0/10.b3dm"
        },
        "geometricError": 100.0,
        "refine": "REPLACE",
        "transform": [
          -0.852692,
          -0.522414,
          0.0,
          0.0,
          0.220155,
          -0.35934,
          0.906867,
          0.0,
          -0.473192,
          0.772351,
          0.423749,
          0.0,
          -3019897.235572,
          4929123.781995,
          2686253.727102,
          1
        ]
      },
      {
        "boundingVolume": {
          "region": [
            2.120464,
            0.437737,
            2.120521,
            0.437828,
            0.0,
            50.0
          ]
        },
        "content": {
          "uri": "./tile/4/0/12.b3dm"
        },
        "geometricError": 100.0,
        "refine": "REPLACE",
        "transform": [
          -0.852683,
          -0.522428,
          0.0,
          0.0,
          0.220256,
          -0.359491,
          0.906782,
          0.0,
          -0.47316,
          0.77227,
          0.423932,
          0.0,
          -3019696.424167,
          4928609.878036,
          2687414.333832,
          1
        ]
      },
      {
        "boundingVolume": {
          "region": [
            2.120425,
            0.437836,
            2.120493,
            0.437897,
            0.0,
            50.0
          ]
        },
        "content": {
          "uri": "./tile/4/0/13.b3dm"
        },
        "geometricError": 100.0,
        "refine": "REPLACE",
        "transform": [
          -0.852701,
          -0.5224,
          0.0,
          0.0,
          0.220283,
          -0.359563,
          0.906747,
          0.0,
          -0.473116,
          0.772256,
          0.424008,
          0.0,
          -3019413.827343,
          4928519.079169,
          2687895.093708,
          1
        ]
      },
      {
        "boundingVolume": {
          "region": [
            2.120462,
            0.438011,
            2.120463,
            0.438013,
            0.0,
            50.0
          ]
        },
        "content": {
          "uri": "./tile/4/0/14.b3dm"
        },
        "geometricError": 100.0,
        "refine": "REPLACE",
        "transform": [
          -0.852699,
          -0.522403,
          0.0,
          0.0,
          0.220353,
          -0.359675,
          0.906685,
          0.0,
          -0.473086,
          0.772201,
          0.42414,
          0.0,
          -3019225.689313,
          4928174.062518,
          2688733.249054,
          1
        ]
      },
      {
        "boundingVolume": {
          "region": [
            2.120435,
            0.438019,
            2.120457,
            0.438039,
            0.0,
            50.0
          ]
        },
        "content": {
          "uri": "./tile/4/0/15.b3dm"
        },
        "geometricError": 100.0,
        "refine": "REPLACE",
        "transform": [
          -0.852708,
          -0.522388,
          0.0,
          0.0,
          0.220355,
          -0.359691,
          0.906678,
          0.0,
          -0.473069,
          0.772203,
          0.424155,
          0.0,
          -3019120.177033,
          4928185.83372,
          2688829.502699,
          1
        ]
      },
      {
        "boundingVolume": {
          "region": [
            2.120423,
            0.436774,
            2.120542,
            0.436896,
            0.0,
            50.0
          ]
        },
        "content": {
          "uri": "./tile/4/0/2.b3dm"
        },
        "geometricError": 100.0,
        "refine": "REPLACE",
        "transform": [
          -0.852688,
          -0.52242,
          0.0,
          0.0,
          0.219805,
          -0.358764,
          0.907179,
          0.0,
          -0.473362,
          0.772617,
          0.423074,
          0.0,
          -3020979.189693,
          4930812.014119,
          2681964.291844,
          1
        ]
      },
      {
        "boundingVolume": {
          "region": [
            2.120425,
            0.436879,
            2.120521,
            0.43697,
            0.0,
            50.0
          ]
        },
        "content": {
          "uri": "./tile/4/0/3.b3dm"
        },
        "geometricError": 100.0,
        "refine": "REPLACE",
        "transform": [
          -0.852693,
          -0.522412,
          0.0,
          0.0,
          0.219844,
          -0.358835,
          0.907142,
          0.0,
          -0.473335,
          0.772589,
          0.423155,
          0.0,
          -3020805.723105,
          4930634.989149,
          2682481.599256,
          1
        ]
      },
      {
        "boundingVolume": {
          "region": [
            2.120501,
            0.436966,
            2.12052,
            0.437014,
            0.0,
            50.0
          ]
        },
        "content": {
          "uri": "./tile/4/0/4.b3dm"
        },
        "geometricError": 100.0,
        "refine": "REPLACE",
        "transform": [
          -0.852674,
          -0.522443,
          0.0,
          0.0,
          0.219888,
          -0.358877,
          0.907114,
          0.0,
          -0.473349,
          0.772548,
          0.423214,
          0.0,
          -3020897.919628,
          4930372.369722,
          2682857.914786,
          1
        ]
      },
      {
        "boundingVolume": {
          "region": [
            2.120429,
            0.437298,
            2.120518,
            0.437349,
            0.0,
            50.0
          ]
        },
        "content": {
          "uri": "./tile/4/0/7.b3dm"
        },
        "geometricError": 100.0,
        "refine": "REPLACE",
        "transform": [
          -0.852693,
          -0.522412,
          0.0,
          0.0,
          0.220032,
          -0.359142,
          0.906975,
          0.0,
          -0.473247,
          0.772445,
          0.423516,
          0.0,
          -3020248.147354,
          4929720.21612,
          2684774.279207,
          1
        ]
      },
      {
        "boundingVolume": {
          "region": [
            2.120445,
            0.437355,
            2.120523,
            0.43744,
            0.0,
            50.0
          ]
        },
        "content": {
          "uri": "./tile/4/0/8.b3dm"
        },
        "geometricError": 100.0,
        "refine": "REPLACE",
        "transform": [
          -0.852688,
          -0.522421,
          0.0,
          0.0,
          0.220071,
          -0.359197,
          0.906943,
          0.0,
          -0.473239,
          0.772413,
          0.423583,
          0.0,
          -3020194.875691,
          4929519.069127,
          2685200.633271,
          1
        ]
      },
      {
        "boundingVolume": {
          "region": [
            2.120429,
            0.437447,
            2.120522,
            0.437501,
            0.0,
            50.0
          ]
        },
        "content": {
          "uri": "./tile/4/0/9.b3dm"
        },
        "geometricError": 100.0,
        "refine": "REPLACE",
        "transform": [
          -0.852692,
          -0.522414,
          0.0,
          0.0,
          0.220104,
          -0.359257,
          0.906911,
          0.0,
          -0.473216,
          0.77239,
          0.423652,
          0.0,
          -3020048.400881,
          4929368.72989,
          2685638.381653,
          1
        ]
      },
      {
        "boundingVolume": {
          "region": [
            2.120523,
            0.436619,
            2.120592,
            0.436688,
            0.0,
            50.0
          ]
        },
        "content": {
          "uri": "./tile/4/1/0.b3dm"
        },
        "geometricError": 100.0,
        "refine": "REPLACE",
        "transform": [
          -0.852649,
          -0.522484,
          0.0,
          0.0,
          0.219746,
          -0.358608,
          0.907255,
          0.0,
          -0.47346,
          0.772647,
          0.42291,
          0.0,
          -3021601.688576,
          4931000.671619,
          2680922.992888,
          1
        ]
      },
      {
        "boundingVolume": {
          "region": [
            2.120516,
            0.436679,
            2.120619,
            0.436784,
            0.0,
            50.0
          ]
        },
        "content": {
          "uri": "./tile/4/1/1.b3dm"
        },
        "geometricError": 100.0,
        "refine": "REPLACE",
        "transform": [
          -0.852644,
          -0.522492,
          0.0,
          0.0,
          0.219787,
          -0.358665,
          0.907223,
          0.0,
          -0.473451,
          0.772614,
          0.42298,
          0.0,
          -3021543.647987,
          4930791.09167,
          2681370.823126,
          1
        ]
      },
      {
        "boundingVolume": {
          "region": [
            2.120531,
            0.437544,
            2.120603,
            0.437594,
            0.0,
            50.0
          ]
        },
        "content": {
          "uri": "./tile/4/1/10.b3dm"
        },
        "geometricError": 100.0,
        "refine": "REPLACE",
        "transform": [
          -0.852644,
          -0.522492,
          0.0,
          0.0,
          0.220182,
          -0.359311,
          0.906871,
          0.0,
          -0.473265,
          0.772312,
          0.423739,
          0.0,
          -3020364.597603,
          4928874.17937,
          2686186.722026,
          1
        ]
      },
      {
        "boundingVolume": {
          "region": [
            2.120589,
            0.437739,
            2.120593,
            0.437743,
            0.0,
            50.0
          ]
        },
        "content": {
          "uri": "./tile/4/1/12.b3dm"
        },
        "geometricError": 100.0,
        "refine": "REPLACE",
        "transform": [
          -0.852632,
          -0.522512,
          0.0,
          0.0,
          0.220271,
          -0.359438,
          0.906799,
          0.0,
          -0.473245,
          0.772239,
          0.423895,
          0.0,
          -3020238.944084,
          4928408.804335,
          2687175.035526,
          1
        ]
      },
      {
        "boundingVolume": {
          "region": [
            2.120582,
            0.437904,
            2.120633,
            0.437926,
            0.0,
            50.0
          ]
        },
        "content": {
          "uri": "./tile/4/1/13.b3dm"
        },
        "geometricError": 100.0,
        "refine": "REPLACE",
        "transform": [
          -0.852623,
          -0.522526,
          0.0,
          0.0,
          0.22036,
          -0.359568,
          0.906726,
          0.0,
          -0.47322,
          0.772168,
          0.424052,
          0.0,
          -3020077.173498,
          4927958.448413,
          2688175.856136,
          1
        ]
      },
      {
        "boundingVolume": {
          "region": [
            2.120538,
            0.437921,
            2.120614,
            0.437974,
            0.0,
            50.0
          ]
        },
        "content": {
          "uri": "./tile/4/1/14.b3dm"
        },
        "geometricError": 100.0,
        "refine": "REPLACE",
        "transform": [
          -0.85264,
          -0.522499,
          0.0,
          0.0,
          0.220363,
          -0.3596,
          0.906713,
          0.0,
          -0.473188,
          0.772171,
          0.424081,
          0.0,
          -3019876.768689,
          4927979.966442,
          2688360.300552,
          1
        ]
      },
      {
        "boundingVolume": {
          "region": [
            2.120556,
            0.438063,
            2.120606,
            0.438096,
            0.0,
            50.0
          ]
        },
        "content": {
          "uri": "./tile/4/1/15.b3dm"
        },
        "geometricError": 100.0,
        "refine": "REPLACE",
        "transform": [
          -0.852637,
          -0.522504,
          0.0,
          0.0,
          0.220428,
          -0.3597,
          0.906657,
          0.0,
          -0.473163,
          0.772121,
          0.424201,
          0.0,
          -3019715.413756,
          4927661.775793,
          2689119.573287,
          1
        ]
      },
      {
        "boundingVolume": {
          "region": [
            2.120518,
            0.436774,
            2.120614,
            0.436875,
            0.0,
            50.0
          ]
        },
        "content": {
          "uri": "./tile/4/1/2.b3dm"
        },
        "geometricError": 100.0,
        "refine": "REPLACE",
        "transform": [
          -0.852645,
          -0.522491,
          0.0,
          0.0,
          0.21983,
          -0.358737,
          0.907184,
          0.0,
          -0.473429,
          0.772581,
          0.423064,
          0.0,
          -3021405.507718,
          4930583.569941,
          2681904.440365,
          1
        ]
      },
      {
        "boundingVolume": {
          "region": [
            2.120515,
            0.43687,
            2.120617,
            0.436972,
            0.0,
            50.0
          ]
        },
        "content": {
          "uri": "./tile/4/1/3.b3dm"
        },
        "geometricError": 100.0,
        "refine": "REPLACE",
        "transform": [
          -0.852645,
          -0.522491,
          0.0,
          0.0,
          0.219876,
          -0.358812,
          0.907143,
          0.0,
          -0.473407,
          0.772546,
          0.423152,
          0.0,
          -3021267.943558,
          4930363.031228,
          2682461.049088,
          1
        ]
      },
      {
        "boundingVolume": {
          "region": [
            2.120519,
            0.436965,
            2.120642,
            0.437067,
            0.0,
            50.0
          ]
        },
        "content": {
          "uri": "./tile/4/1/4.b3dm"
        },
        "geometricError": 100.0,
        "refine": "REPLACE",
        "transform": [
          -0.852637,
          -0.522503,
          0.0,
          0.0,
          0.219925,
          -0.358882,
          0.907104,
          0.0,
          -0.473397,
          0.772506,
          0.423237,
          0.0,
          -3021205.974923,
          4930103.321289,
          2683004.460451,
          1
        ]
      },
      {
        "boundingVolume": {
          "region": [
            2.120569,
            0.437074,
            2.120572,
            0.437077,
            0.0,
            50.0
          ]
        },
        "content": {
          "uri": "./tile/4/1/5.b3dm"
        },
        "geometricError": 100.0,
        "refine": "REPLACE",
        "transform": [
          -0.852642,
          -0.522495,
          0.0,
          0.0,
          0.21995,
          -0.358929,
          0.907079,
          0.0,
          -0.473377,
          0.772488,
          0.423292,
          0.0,
          -3021076.427066,
          4929994.805556,
          2683347.400611,
          1
        ]
      },
      {
        "boundingVolume": {
          "region": [
            2.120535,
            0.437336,
            2.120592,
            0.437349,
            0.0,
            50.0
          ]
        },
        "content": {
          "uri": "./tile/4/1/7.b3dm"
        },
        "geometricError": 100.0,
        "refine": "REPLACE",
        "transform": [
          -0.852646,
          -0.522489,
          0.0,
          0.0,
          0.220074,
          -0.359137,
          0.906966,
          0.0,
          -0.473312,
          0.772395,
          0.423534,
          0.0,
          -3020665.803849,
          4929403.930092,
          2684884.39631,
          1
        ]
      },
      {
        "boundingVolume": {
          "region": [
            2.120519,
            0.437349,
            2.12062,
            0.437451,
            0.0,
            50.0
          ]
        },
        "content": {
          "uri": "./tile/4/1/8.b3dm"
        },
        "geometricError": 100.0,
        "refine": "REPLACE",
        "transform": [
          -0.852643,
          -0.522494,
          0.0,
          0.0,
          0.220103,
          -0.35918,
          0.906942,
          0.0,
          -0.473304,
          0.772372,
          0.423586,
          0.0,
          -3020614.792256,
          4929253.731918,
          2685215.2937,
          1
        ]
      },
      {
        "boundingVolume": {
          "region": [
            2.120516,
            0.437442,
            2.120624,
            0.437539,
            0.0,
            50.0
          ]
        },
        "content": {
          "uri": "./tile/4/1/9.b3dm"
        },
        "geometricError": 100.0,
        "refine": "REPLACE",
        "transform": [
          -0.852643,
          -0.522494,
          0.0,
          0.0,
          0.220146,
          -0.35925,
          0.906904,
          0.0,
          -0.473284,
          0.772339,
          0.423668,
          0.0,
          -3020488.479468,
          4929045.076074,
          2685736.836553,
          1
        ]
      },
      {
        "boundingVolume": {
          "region": [
            2.121369,
            0.436583,
            2.121473,
            0.436696,
            0.0,
            50.0
          ]
        },
        "content": {
          "uri": "./tile/4/10/0.b3dm"
        },
        "geometricError": 100.0,
        "refine": "REPLACE",
        "transform": [
          -0.852198,
          -0.52322,
          0.0,
          0.0,
          0.220049,
          -0.358407,
          0.907261,
          0.0,
          -0.47413,
          0.772243,
          0.422896,
          0.0,
          -3025878.626142,
          4928423.111094,
          2680839.361406,
          1
        ]
      },
      {
        "boundingVolume": {
          "region": [
            2.121368,
            0.436679,
            2.121465,
            0.436779,
            0.0,
            50.0
          ]
        },
        "content": {
          "uri": "./tile/4/10/1.b3dm"
        },
        "geometricError": 100.0,
        "refine": "REPLACE",
        "transform": [
          -0.8522,
          -0.523216,
          0.0,
          0.0,
          0.22009,
          -0.358477,
          0.907224,
          0.0,
          -0.474107,
          0.772213,
          0.422978,
          0.0,
          -3025729.280081,
          4928231.300579,
          2681357.001351,
          1
        ]
      },
      {
        "boundingVolume": {
          "region": [
            2.121366,
            0.437579,
            2.121468,
            0.437644,
            0.0,
            50.0
          ]
        },
        "content": {
          "uri": "./tile/4/10/10.b3dm"
        },
        "geometricError": 100.0,
        "refine": "REPLACE",
        "transform": [
          -0.8522,
          -0.523216,
          0.0,
          0.0,
          0.220507,
          -0.359156,
          0.906854,
          0.0,
          -0.473912,
          0.771894,
          0.423778,
          0.0,
          -3024492.389565,
          4926207.544599,
          2686432.245009,
          1
        ]
      },
      {
        "boundingVolume": {
          "region": [
            2.121352,
            0.437683,
            2.121461,
            0.437735,
            0.0,
            50.0
          ]
        },
        "content": {
          "uri": "./tile/4/10/11.b3dm"
        },
        "geometricError": 100.0,
        "refine": "REPLACE",
        "transform": [
          -0.852205,
          -0.523207,
          0.0,
          0.0,
          0.22055,
          -0.359233,
          0.906813,
          0.0,
          -0.473882,
          0.771864,
          0.423866,
          0.0,
          -3024303.387657,
          4926016.223578,
          2686992.018364,
          1
        ]
      },
      {
        "boundingVolume": {
          "region": [
            2.121368,
            0.437729,
            2.121467,
            0.437834,
            0.0,
            50.0
          ]
        },
        "content": {
          "uri": "./tile/4/10/12.b3dm"
        },
        "geometricError": 100.0,
        "refine": "REPLACE",
        "transform": [
          -0.8522,
          -0.523217,
          0.0,
          0.0,
          0.220588,
          -0.359287,
          0.906782,
          0.0,
          -0.473874,
          0.771833,
          0.423931,
          0.0,
          -3024255.715376,
          4925817.515671,
          2687407.125303,
          1
        ]
      },
      {
        "boundingVolume": {
          "region": [
            2.121375,
            0.437825,
            2.121401,
            0.437913,
            0.0,
            50.0
          ]
        },
        "content": {
          "uri": "./tile/4/10/13.b3dm"
        },
        "geometricError": 100.0,
        "refine": "REPLACE",
        "transform": [
          -0.852215,
          -0.523191,
          0.0,
          0.0,
          0.220618,
          -0.35936,
          0.906746,
          0.0,
          -0.473832,
          0.771815,
          0.42401,
          0.0,
          -3023986.22883,
          4925706.47539,
          2687910.463272,
          1
        ]
      },
      {
        "boundingVolume": {
          "region": [
            2.121363,
            0.43795,
            2.121432,
            0.438022,
            0.0,
            50.0
          ]
        },
        "content": {
          "uri": "./tile/4/10/14.b3dm"
        },
        "geometricError": 100.0,
        "refine": "REPLACE",
        "transform": [
          -0.85221,
          -0.5232,
          0.0,
          0.0,
          0.220677,
          -0.359448,
          0.906696,
          0.0,
          -0.473814,
          0.771768,
          0.424117,
          0.0,
          -3023869.176302,
          4925408.371917,
          2688583.796119,
          1
        ]
      },
      {
        "boundingVolume": {
          "region": [
            2.121356,
            0.438018,
            2.121465,
            0.438111,
            0.0,
            50.0
          ]
        },
        "content": {
          "uri": "./tile/4/10/15.b3dm"
        },
        "geometricError": 100.0,
        "refine": "REPLACE",
        "transform": [
          -0.852203,
          -0.523211,
          0.0,
          0.0,
          0.220719,
          -0.359506,
          0.906664,
          0.0,
          -0.473806,
          0.771734,
          0.424187,
          0.0,
          -3023821.903916,
          4925190.123357,
          2689033.709444,
          1
        ]
      },
      {
        "boundingVolume": {
          "region": [
            2.121361,
            0.436776,
            2.121462,
            0.436873,
            0.0,
            50.0
          ]
        },
        "content": {
          "uri": "./tile/4/10/2.b3dm"
        },
        "geometricError": 100.0,
        "refine": "REPLACE",
        "transform": [
          -0.852203,
          -0.523212,
          0.0,
          0.0,
          0.220133,
          -0.358552,
          0.907184,
          0.0,
          -0.474082,
          0.772181,
          0.423065,
          0.0,
          -3025571.622767,
          4928026.912962,
          2681906.789061,
          1
        ]
      },
      {
        "boundingVolume": {
          "region": [
            2.121361,
            0.436871,
            2.121463,
            0.436976,
            0.0,
            50.0
          ]
        },
        "content": {
          "uri": "./tile/4/10/3.b3dm"
        },
        "geometricError": 100.0,
        "refine": "REPLACE",
        "transform": [
          -0.852203,
          -0.523212,
          0.0,
          0.0,
          0.22018,
          -0.358627,
          0.907142,
          0.0,
          -0.47406,
          0.772145,
          0.423154,
          0.0,
          -3025435.285279,
          4927800.48823,
          2682472.766954,
          1
        ]
      },
      {
        "boundingVolume": {
          "region": [
            2.121367,
            0.436965,
            2.121479,
            0.43707,
            0.0,
            50.0
          ]
        },
        "content": {
          "uri": "./tile/4/10/4.b3dm"
        },
        "geometricError": 100.0,
        "refine": "REPLACE",
        "transform": [
          -0.852197,
          -0.523221,
          0.0,
          0.0,
          0.220229,
          -0.358698,
          0.907103,
          0.0,
          -0.474048,
          0.772106,
          0.423239,
          0.0,
          -3025357.468852,
          4927550.798789,
          2683015.495341,
          1
        ]
      },
      {
        "boundingVolume": {
          "region": [
            2.121367,
            0.437062,
            2.121462,
            0.437164,
            0.0,
            50.0
          ]
        },
        "content": {
          "uri": "./tile/4/10/5.b3dm"
        },
        "geometricError": 100.0,
        "refine": "REPLACE",
        "transform": [
          -0.852201,
          -0.523214,
          0.0,
          0.0,
          0.220271,
          -0.358773,
          0.907063,
          0.0,
          -0.474021,
          0.772075,
          0.423326,
          0.0,
          -3025182.846676,
          4927356.645907,
          2683565.200192,
          1
        ]
      },
      {
        "boundingVolume": {
          "region": [
            2.121361,
            0.437155,
            2.121495,
            0.437268,
            0.0,
            50.0
          ]
        },
        "content": {
          "uri": "./tile/4/10/6.b3dm"
        },
        "geometricError": 100.0,
        "refine": "REPLACE",
        "transform": [
          -0.852194,
          -0.523226,
          0.0,
          0.0,
          0.220322,
          -0.358846,
          0.907021,
          0.0,
          -0.474009,
          0.772033,
          0.423415,
          0.0,
          -3025109.162407,
          4927090.912567,
          2684132.287274,
          1
        ]
      },
      {
        "boundingVolume": {
          "region": [
            2.121355,
            0.437253,
            2.121466,
            0.437356,
            0.0,
            50.0
          ]
        },
        "content": {
          "uri": "./tile/4/10/7.b3dm"
        },
        "geometricError": 100.0,
        "refine": "REPLACE",
        "transform": [
          -0.852203,
          -0.523211,
          0.0,
          0.0,
          0.22036,
          -0.358921,
          0.906983,
          0.0,
          -0.473975,
          0.772008,
          0.423499,
          0.0,
          -3024892.024561,
          4926932.775188,
          2684663.644333,
          1
        ]
      },
      {
        "boundingVolume": {
          "region": [
            2.121366,
            0.437347,
            2.121528,
            0.437463,
            0.0,
            50.0
          ]
        },
        "content": {
          "uri": "./tile/4/10/8.b3dm"
        },
        "geometricError": 100.0,
        "refine": "REPLACE",
        "transform": [
          -0.852184,
          -0.523242,
          0.0,
          0.0,
          0.22042,
          -0.358991,
          0.90694,
          0.0,
          -0.47398,
          0.771954,
          0.42359,
          0.0,
          -3024929.452168,
          4926591.254942,
          2685244.238213,
          1
        ]
      },
      {
        "boundingVolume": {
          "region": [
            2.121387,
            0.437454,
            2.121465,
            0.437476,
            0.0,
            50.0
          ]
        },
        "content": {
          "uri": "./tile/4/10/9.b3dm"
        },
        "geometricError": 100.0,
        "refine": "REPLACE",
        "transform": [
          -0.852195,
          -0.523224,
          0.0,
          0.0,
          0.220441,
          -0.359041,
          0.906915,
          0.0,
          -0.473951,
          0.771943,
          0.423645,
          0.0,
          -3024741.61399,
          4926517.131464,
          2685589.475007,
          1
        ]
      },
      {
        "boundingVolume": {
          "region": [
            2.121463,
            0.436588,
            2.121567,
            0.436695,
            0.0,
            50.0
          ]
        },
        "content": {
          "uri": "./tile/4/11/0.b3dm"
        },
        "geometricError": 100.0,
        "refine": "REPLACE",
        "transform": [
          -0.852149,
          -0.5233,
          0.0,
          0.0,
          0.220084,
          -0.358387,
          0.90726,
          0.0,
          -0.474202,
          0.772198,
          0.422898,
          0.0,
          -3026340.362697,
          4928133.247338,
          2680850.945275,
          1
        ]
      },
      {
        "boundingVolume": {
          "region": [
            2.121456,
            0.436678,
            2.121564,
            0.436782,
            0.0,
            50.0
          ]
        },
        "content": {
          "uri": "./tile/4/11/1.b3dm"
        },
        "geometricError": 100.0,
        "refine": "REPLACE",
        "transform": [
          -0.852151,
          -0.523296,
          0.0,
          0.0,
          0.220124,
          -0.358457,
          0.907223,
          0.0,
          -0.474179,
          0.772168,
          0.422979,
          0.0,
          -3026190.35961,
          4927945.020125,
          2681362.78301,
          1
        ]
      },
      {
        "boundingVolume": {
          "region": [
            2.121468,
            0.437573,
            2.121553,
            0.437589,
            0.0,
            50.0
          ]
        },
        "content": {
          "uri": "./tile/4/11/10.b3dm"
        },
        "geometricError": 100.0,
        "refine": "REPLACE",
        "transform": [
          -0.852151,
          -0.523296,
          0.0,
          0.0,
          0.220526,
          -0.359112,
          0.906867,
          0.0,
          -0.473991,
          0.771861,
          0.423749,
          0.0,
          -3024996.976899,
          4925995.932158,
          2686253.345822,
          1
        ]
      },
      {
        "boundingVolume": {
          "region": [
            2.121461,
            0.437684,
            2.121558,
            0.437726,
            0.0,
            50.0
          ]
        },
        "content": {
          "uri": "./tile/4/11/11.b3dm"
        },
        "geometricError": 100.0,
        "refine": "REPLACE",
        "transform": [
          -0.852152,
          -0.523295,
          0.0,
          0.0,
          0.220584,
          -0.359207,
          0.906814,
          0.0,
          -0.473962,
          0.771817,
          0.423862,
          0.0,
          -3024815.488147,
          4925715.370132,
          2686967.28177,
          1
        ]
      },
      {
        "boundingVolume": {
          "region": [
            2.121473,
            0.43773,
            2.121556,
            0.437832,
            0.0,
            50.0
          ]
        },
        "content": {
          "uri": "./tile/4/11/12.b3dm"
        },
        "geometricError": 100.0,
        "refine": "REPLACE",
        "transform": [
          -0.852149,
          -0.5233,
          0.0,
          0.0,
          0.220622,
          -0.359265,
          0.906783,
          0.0,
          -0.47395,
          0.771787,
          0.423931,
          0.0,
          -3024735.977524,
          4925524.134332,
          2687404.371313,
          1
        ]
      },
      {
        "boundingVolume": {
          "region": [
            2.121467,
            0.437834,
            2.121547,
            0.437888,
            0.0,
            50.0
          ]
        },
        "content": {
          "uri": "./tile/4/11/13.b3dm"
        },
        "geometricError": 100.0,
        "refine": "REPLACE",
        "transform": [
          -0.852153,
          -0.523293,
          0.0,
          0.0,
          0.220657,
          -0.359328,
          0.906749,
          0.0,
          -0.473926,
          0.771761,
          0.424003,
          0.0,
          -3024586.457742,
          4925364.298663,
          2687862.473452,
          1
        ]
      },
      {
        "boundingVolume": {
          "region": [
            2.121511,
            0.437948,
            2.121513,
            0.43795,
            0.0,
            50.0
          ]
        },
        "content": {
          "uri": "./tile/4/11/14.b3dm"
        },
        "geometricError": 100.0,
        "refine": "REPLACE",
        "transform": [
          -0.85215,
          -0.523297,
          0.0,
          0.0,
          0.220701,
          -0.359395,
          0.906712,
          0.0,
          -0.47391,
          0.771727,
          0.424083,
          0.0,
          -3024484.035805,
          4925147.159414,
          2688372.128256,
          1
        ]
      },
      {
        "boundingVolume": {
          "region": [
            2.12146,
            0.438052,
            2.121552,
            0.438113,
            0.0,
            50.0
          ]
        },
        "content": {
          "uri": "./tile/4/11/15.b3dm"
        },
        "geometricError": 100.0,
        "refine": "REPLACE",
        "transform": [
          -0.852153,
          -0.523292,
          0.0,
          0.0,
          0.220762,
          -0.359499,
          0.906656,
          0.0,
          -0.473876,
          0.771682,
          0.424204,
          0.0,
          -3024266.570926,
          4924859.515159,
          2689138.452318,
          1
        ]
      },
      {
        "boundingVolume": {
          "region": [
            2.121466,
            0.436776,
            2.121562,
            0.436874,
            0.0,
            50.0
          ]
        },
        "content": {
          "uri": "./tile/4/11/2.b3dm"
        },
        "geometricError": 100.0,
        "refine": "REPLACE",
        "transform": [
          -0.852149,
          -0.523299,
          0.0,
          0.0,
          0.22017,
          -0.358529,
          0.907184,
          0.0,
          -0.474161,
          0.772132,
          0.423064,
          0.0,
          -3026076.827907,
          4927717.112598,
          2681906.046311,
          1
        ]
      },
      {
        "boundingVolume": {
          "region": [
            2.121452,
            0.436878,
            2.121566,
            0.436976,
            0.0,
            50.0
          ]
        },
        "content": {
          "uri": "./tile/4/11/3.b3dm"
        },
        "geometricError": 100.0,
        "refine": "REPLACE",
        "transform": [
          -0.852152,
          -0.523294,
          0.0,
          0.0,
          0.220217,
          -0.358609,
          0.907141,
          0.0,
          -0.474134,
          0.772098,
          0.423157,
          0.0,
          -3025907.873171,
          4927499.204605,
          2682493.031056,
          1
        ]
      },
      {
        "boundingVolume": {
          "region": [
            2.121464,
            0.436965,
            2.121557,
            0.43707,
            0.0,
            50.0
          ]
        },
        "content": {
          "uri": "./tile/4/11/4.b3dm"
        },
        "geometricError": 100.0,
        "refine": "REPLACE",
        "transform": [
          -0.852151,
          -0.523296,
          0.0,
          0.0,
          0.22026,
          -0.358678,
          0.907103,
          0.0,
          -0.474116,
          0.772064,
          0.423239,
          0.0,
          -3025790.2114,
          4927284.766284,
          2683016.072427,
          1
        ]
      },
      {
        "boundingVolume": {
          "region": [
            2.121458,
            0.437064,
            2.121559,
            0.437157,
            0.0,
            50.0
          ]
        },
        "content": {
          "uri": "./tile/4/11/5.b3dm"
        },
        "geometricError": 100.0,
        "refine": "REPLACE",
        "transform": [
          -0.852152,
          -0.523294,
          0.0,
          0.0,
          0.220303,
          -0.35875,
          0.907064,
          0.0,
          -0.474093,
          0.772032,
          0.423323,
          0.0,
          -3025647.579451,
          4927080.124925,
          2683549.087649,
          1
        ]
      },
      {
        "boundingVolume": {
          "region": [
            2.121462,
            0.437158,
            2.121557,
            0.437245,
            0.0,
            50.0
          ]
        },
        "content": {
          "uri": "./tile/4/11/6.b3dm"
        },
        "geometricError": 100.0,
        "refine": "REPLACE",
        "transform": [
          -0.852152,
          -0.523295,
          0.0,
          0.0,
          0.220346,
          -0.35882,
          0.907026,
          0.0,
          -0.474074,
          0.771999,
          0.423405,
          0.0,
          -3025523.961718,
          4926869.883187,
          2684070.895687,
          1
        ]
      },
      {
        "boundingVolume": {
          "region": [
            2.121437,
            0.437253,
            2.121545,
            0.437354,
            0.0,
            50.0
          ]
        },
        "content": {
          "uri": "./tile/4/11/7.b3dm"
        },
        "geometricError": 100.0,
        "refine": "REPLACE",
        "transform": [
          -0.852161,
          -0.523279,
          0.0,
          0.0,
          0.220388,
          -0.358903,
          0.906983,
          0.0,
          -0.474037,
          0.77197,
          0.423498,
          0.0,
          -3025289.268976,
          4926690.351178,
          2684660.934896,
          1
        ]
      },
      {
        "boundingVolume": {
          "region": [
            2.121461,
            0.437347,
            2.121569,
            0.437465,
            0.0,
            50.0
          ]
        },
        "content": {
          "uri": "./tile/4/11/8.b3dm"
        },
        "geometricError": 100.0,
        "refine": "REPLACE",
        "transform": [
